      0.7188463521      0.8284173386      1.1995319600      0.2599875891      0.0788775224      1.7995847408     -0.5959929766      0.2140456651     -0.3191336623      1.2154627292
     -1.8217544049      0.3300126723     -0.0276743359      0.1057773939      0.1682969331      0.4667106684      0.2287119112      0.0522538831      0.2347047181      0.3042947280
           1
      1.1527189408      0.2105955739      1.1699036268     -0.0067641524     -0.2141751345      1.0546334924      0.8141717488      0.0223676961      0.7749747393     -0.1978436058
      0.2161997798      0.0000000000      0.0000000000      0.0000000000
     -0.0170800179      0.0000000000      0.0000000000      0.0000000000
      1.0940407535      0.0000000000      0.0000000000      0.0000000000
      3.6548180166      0.0000000000      0.0000000000      0.0000000000
      1.0062051264      0.0000000000      0.0000000000      0.0000000000
     -0.2477366636      0.0000000000      0.0000000000      0.0000000000
      2.9091280344      0.0000000000      0.7200329945      0.4242126921     -2.6405492887      0.0000000000      0.2138138803      0.0541405465
     -0.1307150262     -0.2123607485     -0.0041043259      0.1459056595      0.4822773326      2.2163431689      0.2495243230      1.6529546212
           2
      1.1900720549      0.3338950678      2.1548294126      1.1783381655      0.4042060037      0.7158591014      5.0001493881      0.0128756871      0.2636069004     -0.6597155358
      0.6261558740      0.0000000000      0.0000000000      0.0000000000
      0.0482699836      0.0000000000      0.0000000000      0.0000000000
      1.0602178098      0.0000000000      0.0000000000      0.0000000000
      4.6771255681      0.0000000000      0.0000000000      0.0000000000
      0.6536686618      0.0000000000      0.0000000000      0.0000000000
     -1.0323227072      0.0000000000      0.0000000000      0.0000000000
      2.1927187849      0.0000000000      0.7512813597      0.7758770197     -9.1996527501      0.0000000000      0.0000000000      0.1299429110
     -0.3948678263      0.0643629077     -0.0753124254      0.0000000000      0.7493828647      0.3672482165      0.4612398566      0.0000000000
           3
      0.5780035078      0.0593713167      1.8398392509      0.0145938540      0.0676634273      2.4451259955      0.8092987840      0.0300713670      0.8234534120     -0.1993648097
      0.1062488564      0.1150677132      0.0000000000      0.0000000000
     -0.1250394717     -0.0411347449      0.0000000000      0.0000000000
      0.9805338519      1.0867202598      0.0000000000      0.0000000000
      4.4929109619      1.2716346834      0.0000000000      0.0000000000
      0.9139923294      0.8886889101      0.0000000000      0.0000000000
     -0.0688624828     -0.1457901098      0.0000000000      0.0000000000
      2.4822102861      2.7019906139      1.0403180708      1.0296598418     -5.7154033213     -7.2375120529      0.0000000000     -0.0860433866
     -0.0018358070     -0.0162102027     -0.0921915140     -0.0065535087      0.0799999982      0.1567417512      0.3893670337      0.6257813012
           4
      0.6939292237      0.2878524181      2.4898324764     -0.0558432287      0.0070605631      1.9967134671      0.0005678822      0.0272050892      0.5365858018      0.5396365440
      0.1731137912      0.1344138057      0.0000000000      0.0000000000
     -0.0438636319     -0.0655049725      0.0000000000      0.0000000000
      1.0819046597      1.3320820105      0.0000000000      0.0000000000
      4.5662718362      1.6003431037      0.0000000000      0.0000000000
      1.0641840638      1.0296000039      0.0000000000      0.0000000000
     -0.1168811045     -0.1500358849      0.0000000000      0.0000000000
      2.5509524825      2.8158286786      0.5042908397      0.8153448086      0.9398440317    -13.9550484940      0.0000000000      0.0242570042
     -0.0459787574     -0.0609506474     -0.0394191207     -0.0009691768      0.1128402238      0.4497945872      0.2633755763      0.4103134405
           5
      0.7025101924      0.3415298002      2.8912171598      0.0306618517     -0.0436270500      1.8673080890      0.0679742431      0.0273002375      0.3449133717      0.4440879153
      0.2540566549      0.2231542074      0.0000000000      0.0000000000
     -0.0870833258     -0.0327433483      0.0000000000      0.0000000000
      1.0341162044      1.2985605464      0.0000000000      0.0000000000
      3.8486768685      2.5812277641      0.0000000000      0.0000000000
      0.8478450992      0.8720868119      0.0000000000      0.0000000000
     -0.2088949212     -0.2759470540      0.0000000000      0.0000000000
      2.2040390891      2.5350256179      1.0300438569      0.8377005850      1.9035072449    -23.0513662101     -0.0087643245      0.0174076460
     -0.1753565271     -0.1212706672     -0.0513247006      0.0077508264      0.1641656626      0.5379259942      0.3429688872      0.2895986766
           6
      0.6821767423      0.4553270533      2.9937322581     -0.0035431457     -0.0170177590      1.8202684073      0.2027947300      0.0400592567      0.2247495126      0.5599145623
      0.2878143164      0.3364906911      0.0000000000      0.0000000000
     -0.1072868983     -0.0304816781      0.0000000000      0.0000000000
      1.1932807169      1.2965001740      0.0000000000      0.0000000000
      3.1541670118      2.3521912659      0.0000000000      0.0000000000
      0.9899342500      0.8235609411      0.0000000000      0.0000000000
     -0.2024731796     -0.3620201552      0.0000000000      0.0000000000
      2.2034695793      2.4135583414      0.9098488671      0.7819520138     -1.4258962605    -34.9378226937      0.0231507914      0.0061497169
     -0.3488691936     -0.1942843851     -0.0711255070     -0.0035658049      0.2204077844      0.8246683757      0.4592906358      0.1878162780
           7
      0.8652345628      0.3993852459      3.1568736176     -0.0253318561     -0.0303452811      1.6288585515      0.3215433660      0.0371818319      0.0689898846      0.3389043901
      0.4219955165      0.4484308118      0.0000000000      0.0000000000
     -0.0487491666     -0.0542728127      0.0000000000      0.0000000000
      1.0896643452      1.2630973633      0.0000000000      0.0000000000
      5.6891941778      1.8783447306      0.0000000000      0.0000000000
      0.9550952283      0.7942530393      0.0000000000      0.0000000000
     -0.4264584651     -0.3849144292      0.0000000000      0.0000000000
      2.1142738301      2.4478631822      0.5306645452      0.8425346702      0.6318164629    -50.3002711626      0.0620581304      0.0100214091
     -0.4126492930     -0.1434016678     -0.0739140318     -0.0027092459      0.2145765878      0.8618150550      0.7968586986      0.2878388891
           8
      0.9817201813      0.3864077328      3.1968369725     -0.0311883312     -0.0231113454      1.4750383139      0.1453740795      0.0191572557      0.1165974285      0.3921673080
      0.5189652278      0.4712558890      0.0000000000      0.0000000000
      0.0088550235     -0.0577245203      0.0000000000      0.0000000000
      1.0265959232      1.3265724466      0.0000000000      0.0000000000
      8.6375010152      1.8397908212      0.0000000000      0.0000000000
      1.4936406619      0.8473477099      0.0000000000      0.0000000000
     -0.6053357695     -0.3618224899      0.0000000000      0.0000000000
      2.4060870236      2.6534043052      0.7480205503      0.4683078045     -0.5176482847    -69.0180177045      0.0200866014      0.0110171415
     -0.5293350686     -0.1895178043     -1.0246234531      0.0358534843      0.2988438577      0.7959687340      2.2945550593      0.6443090229
           9
      1.1942137349      0.2689414709      3.2761516518      0.0176590607     -0.0250253491      1.2382852127      0.5678568010     -0.0039594902     -0.0684592505      0.2325894594
      0.3814754307      0.5069727271      0.0000000000      0.0000000000
      0.2380021030     -0.1114120475      0.0000000000      0.0000000000
      0.7245769783      1.1269335992      0.0000000000      0.0000000000
      5.8665628795      2.2071162860      0.0000000000      0.0000000000
      1.5588698769      0.7561149698      0.0000000000      0.0000000000
     -0.3691424775     -0.4620675283      0.0000000000      0.0000000000
      2.1089953630      2.3997338237      1.0686478675      0.1495424039     -1.0171140514    -92.3158907469     -0.0255221758      0.0295422853
     -0.6941420861     -0.2684087613     -1.5000000000      0.2488424243      0.5420365145      0.7935831690      2.2932369765      0.9537183170
          10
      0.8353297150      0.1961940518      2.5785509842     -1.7711244805      0.3960732077      0.8000000000      3.3352134691     -0.0329234194      4.0925365601      1.5915723779
      0.5017096849      0.5504982030      0.0000000000      0.0000000000
      0.0313695963     -0.0146133250      0.0000000000      0.0000000000
      0.8806772590      1.0786390333      0.0000000000      0.0000000000
      5.6672079245      2.1671718203      0.0000000000      0.0000000000
      0.3000000119      0.8770915510      0.0000000000      0.0000000000
     -0.8218623962     -0.4250686563      0.0000000000      0.0000000000
      3.3053581550      3.8682729080     -0.1912398403      9.0000000000     -6.0000000000   -119.9283116056     -0.7136905849      0.1496511408
     -0.7256788386     -0.2805249211     -0.1201664981      0.0000000000      1.1838075440      0.9433452572      0.5029766916      0.0000000000
          11
      0.5598241683      0.0966826718      3.2289498067      0.1150602189      0.0990106951      2.7341699271      1.0531585481      0.0578102880      0.8973954008     -0.4576551028
      0.1119879032      0.1198595484      0.0000000000      0.0000000000
     -0.1232942123      0.1970925961      0.0000000000      0.0000000000
      1.1087541202      1.1339251118      0.0000000000      0.0000000000
      5.9537172733      4.1674406880      0.0000000000      0.0000000000
      1.0394666045      0.7127269471      0.0000000000      0.0000000000
     -0.0884787077     -0.1791305442      0.0000000000      0.0000000000
      2.0610350545      2.4539059597      0.9894398421      1.0264977354      1.1836927293   -162.0059716063      0.0000000000      0.0138482491
      0.0538287556     -0.0621019214     -0.0282476689     -0.0028876719      0.3899319019      1.5239726583      0.1859344337      0.4966577158
          12
      0.5665359511      0.4050395089      4.4438166577      0.0244397555      0.0676689964      2.5506186956     -0.0233095155      0.0420884333      0.2272841958      0.1990224151
      0.2394595727      0.2220607236     -0.0154101867      0.0000000000
     -0.1256396099      0.0124269181      0.1239856366      0.0000000000
      1.0791320413      1.0888092602      1.0116518605      0.0000000000
      3.9189535147      0.0290000000      0.0336999300      0.0000000000
      1.0729790109      1.0056278468      1.1814283485      0.0000000000
     -0.1562541529     -0.2360893857     -0.1643562300      0.0000000000
      1.8841099925      2.2134736613      0.3185832451      1.1169010227      1.2113794773   -199.3356702560      0.0000000000      0.0150304799
     -0.0061621416     -0.0530414063     -0.0221178156     -0.0022287039      0.2444128079      0.2220810420      0.2309714216      0.4807639999
          13
      0.5628535412      0.4077767695      4.6532614457     -0.0003452108     -0.0247091316      2.5670409507      0.1126095192      0.0243867769      0.3723657025      0.0388774399
      0.2814668699      0.2337589189      0.0297157866      0.0000000000
     -0.0959793906     -0.0956459773     -0.0004045594      0.0000000000
      0.9148471893      1.1719285112      0.9112756087      0.0000000000
      4.8656956801      3.2420095312      0.0345180428      0.0000000000
      0.9863805445      0.9120743557      1.0691032142      0.0000000000
     -0.2488176889     -0.2568280410     -0.1852748575      0.0000000000
      1.7663100032      2.0231720906      1.0252955953      1.1227816886      3.4897542827   -241.0188569228      0.0000000000      0.0330110201
     -0.0923618092     -0.0310913777     -0.0921736636     -0.0042618941      0.1475688431      0.1243061601      0.4195624395      0.3604275053
          14
      0.5369078331      0.4235130183      4.3623589602     -0.0344414391     -0.0012288704      2.4337988325      0.0033260266      0.0703166138      0.1833486026      0.3476740952
      0.3526381115      0.2590057390      0.0426082090      0.0000000000
     -0.1801576216     -0.0393489522     -0.0898950867      0.0000000000
      1.0918818684      1.2689486867      1.4161855243      0.0000000000
      7.2917876143      3.1637532281      0.0626486728      0.0000000000
      1.0309354092      0.7983696281      0.7674509896      0.0000000000
     -0.4431783097     -0.2631457512     -0.2060440394      0.0000000000
      1.6606445504      1.8891790053      0.9920526148      0.8260405071      3.2442811433   -287.0201233610      0.0000000000      0.0226134113
     -0.2349895396     -0.0578241275     -0.0782156033     -0.0038834607      0.1732954675      0.2314453745      0.2401758411      0.4708610101
          15
      0.5210481049      0.4017734579      3.7272383094      0.0025747552     -0.0385657478      2.5242836274      0.0676840213      0.0680474454      0.2352481578      0.2868830156
      0.3779071785      0.2605214291      0.1109120201      0.0000000000
     -0.1451851740     -0.0074796885     -0.0045552238      0.0000000000
      1.2045597912      1.2710134183      1.2740429611      0.0000000000
      6.2225260700      2.5453794373      0.0300000000      0.0000000000
      0.9823779674      0.7485634954      0.8137842233      0.0000000000
     -0.3734690361     -0.2076048695     -0.2305397983      0.0000000000
      1.8706126081      2.0612217562      0.7715097733      0.3817790877      0.9996889479   -338.1671910089      0.0000000000      0.0102880429
     -0.3005271513     -0.0840614975     -0.0494459610     -0.0354499004      0.1758875488      0.3521366054      0.1876275084      0.4956447512
          16
      0.5751182353      0.5111326001      4.1556650870     -0.0797745346      0.0371998530      2.3587283434     -0.0175629151      0.0580244547      0.2778037551      0.3723169120
      0.3588228581      0.3573895174      0.1458198140      0.0000000000
     -0.0759026297     -0.0507691629     -0.0681592474      0.0000000000
      1.1138065783      1.2413982265      1.3135723822      0.0000000000
      4.8930374692      2.3687804093      0.1382615513      0.0000000000
      0.8392761469      0.7742291244      0.5901328640      0.0000000000
     -0.3194588458     -0.2445564611     -0.3312820006      0.0000000000
      1.8242509653      2.0219636426      0.6345645813      0.6120140904      3.2192926001   -394.0194948205      0.0000000000      0.0199571319
     -0.4370248208     -0.0667000370     -0.0418550219     -0.0163332010      0.2266001993      0.3113820324      0.2247719356      0.6136821250
          17
      0.6244838022      0.4502476011      3.9186899775     -0.1210256398      0.0083920553      2.0211484003      0.0917659114      0.0373701373      0.2596032819      0.5189395454
      0.4610891341      0.3512026048      0.1577156962      0.0000000000
      0.0678959798     -0.0866034510     -0.1098352554      0.0000000000
      1.2047053091      1.1734507675      1.3704395277      0.0000000000
      4.4473052479      2.7924577367      0.0981843297      0.0000000000
      0.9123030568      0.7870246631      0.8204026365      0.0000000000
     -0.3223954015     -0.2701594501     -0.2595204194      0.0000000000
      1.9693371469      2.1742930375      0.7825984048      1.3014206781      0.7996609239   -454.7554387357      0.0000000000      0.0299722600
     -0.5115087071     -0.1364215912     -0.0603349870     -0.0006600845      0.2675505629      0.3096584044      0.4316684015      0.1565440407
          18
      0.5541047872      0.7415055461      4.3283037400     -0.1616075112     -0.0008409989      1.5000000000     -1.1087282127      0.0188869315     -0.6625898535      0.5425327587
      0.4549396750      0.3937455850     -0.0411294006      0.0000000000
      0.0540397949     -0.1127792884     -0.3077038618      0.0000000000
      1.1332417983      1.1644475903      1.1306547525      0.0000000000
      2.9920277792      2.8971312914      0.0479099972      0.0000000000
      0.7000000119      0.7149731520      0.3569923884      0.0000000000
     -0.2910819442     -0.2913660559     -0.3341612531      0.0000000000
      2.0286243181      2.2147514323      0.2718929079      0.6220914878      4.8231818277   -520.5638248442      0.0000000000      0.1537876395
     -0.7339674372     -0.1961724363     -0.2040965835      0.0000000000      0.3871542213      0.3438799899      0.4743450687      0.0000000000
          19
      0.4700745702      0.0439649743      5.7601742322      0.2648787305      0.2422968871      3.3374433176      1.2056859346      0.1018284983      1.0996097893     -0.3025462335
      0.0760105839      0.0868718720      0.0000000000      0.0000000000
     -0.0435038827      0.1159705601      0.0000000000      0.0000000000
      1.0945719742      1.1436225649      0.0000000000      0.0000000000
      4.6261201311      0.5511895849      0.0000000000      0.0000000000
      0.9294723235      0.7701443193      0.0000000000      0.0000000000
     -0.0433935240     -0.1221456828      0.0000000000      0.0000000000
      1.8940364049      2.3769701966      1.0816458727      1.0509576163      3.8399964911   -599.7137194059      0.0000000000     -0.6131879122
      0.0682988018     -0.1039688260     -0.0866808632     -0.0030000000      0.1120928044      0.2765478344      0.2489869931      0.4000000000
          20
      0.5029804374      0.1971318423      6.4738516410      0.2857546173      0.0938557786      2.8567721667     -0.1873916618      0.0360731016      0.7737791414     -0.0450141487
      0.1427751323      0.1440548691      0.0822342985      0.0000000000
     -0.3027423037     -0.3244227240      0.2467643225      0.0000000000
      1.0388255379      0.9571339071      1.4048720841      0.0000000000
      3.4612164725      0.7723642568      0.0387305946      0.0000000000
      1.0021555527      1.4554288382      0.8155468297      0.0000000000
     -0.0624888384     -0.1955900534     -0.0345419173      0.0000000000
      1.8710269981      2.3228700850      1.3558953517      1.0547979029     -0.0239373429   -677.1206876780      0.0000000000      0.0170045478
      0.0347934649     -0.0127556012     -0.0280387243     -0.0013163049      0.1005564855      0.7016879916      0.1256734715      0.1373808684
          21
      0.5377704223      0.1419404797      5.3675872588     -0.0163194577      0.1925083832      2.8793000993     -0.0143001855      0.0667833499      0.2267673208      0.0393452042
      0.2003815685      0.0872701155      0.0413602750      0.0000000000
     -0.2047734010      0.0309108095     -0.1500219659      0.0000000000
      1.0868416946      0.9769422904      1.5569872730      0.0000000000
      6.6950612407      0.1195941851      4.8576506864      0.0000000000
      1.2017399672      0.9387174894      1.2902606601      0.0000000000
     -0.2064094493     -0.0640569654     -0.1348811757      0.0000000000
      1.6868046213      1.6829191097      1.5961172747      1.8453612495      0.5315676663   -759.8747871514      0.0000000000      0.0122175921
      0.0119759280     -0.0043978871     -0.0807005166     -0.0017969688      0.1176113273      0.6618703451      0.2122553646      0.1384107865
          22
      0.5974861991      0.3659499903      5.6654060820     -0.0671201787      0.0177438999      2.7671292352     -0.0054431106      0.0789587188      0.2405873734      0.2228263560
      0.2571236774      0.0550872338      0.1716506573      0.0000000000
     -0.0131332803     -0.0065875721     -0.0967878176      0.0000000000
      1.0866624418      0.9431040893      1.5905298611      0.0000000000
      6.4972759729      0.2112831390      6.3021813926      0.0000000000
      1.3108354859      0.9865649384      1.2577687932      0.0000000000
     -0.2503779124     -0.0340178875     -0.2152984629      0.0000000000
      1.6539660449      1.7400057919      1.5511782857      1.2456348029      0.3613958162   -847.9554958119      0.0000000000      0.0135544441
     -0.0116906632     -0.0002316424     -0.0440340995      0.0152413149      0.9822927052      0.1659917523      0.1894192457      0.4705718924
          23
      0.5790921644      0.3600229766      4.0066600103     -0.1102135643     -0.0358417626      2.3387786258     -0.0606919625      0.0876355813      0.0984287238      0.1946585324
      0.1954359416      0.0594803298      0.2226233410      0.0000000000
     -0.0920593760     -0.0144062371     -0.0742117974      0.0000000000
      1.2045846751      0.9895564704      1.5294203457      0.0000000000
      7.7296141334      0.2673096652      5.7560385527      0.0000000000
      1.4118225722      0.8461056627      1.3217247392      0.0000000000
     -0.2344821042     -0.0864929918     -0.2069635514      0.0000000000
      1.7644627262      1.7850770355      1.0646472751      0.9270674867      0.9701832334   -942.0491920963      0.0000000000      0.0079737155
     -0.0149291340     -0.0347301959     -0.0047034131      0.0096436583      0.0990529349      0.1445650794      0.1179923516      0.5287026637
          24
      0.6080902406      0.4665775489      4.1384995478     -0.0895793491     -0.0948449660      2.0876176350      0.0241215960      0.0638514331      0.2014606049      0.2210665668
      0.2250024612      0.0881107003      0.2137285525      0.0000000000
     -0.0842582723     -0.0002268333     -0.0646820167      0.0000000000
      1.1148853250      1.0647853822      1.3798842651      0.0000000000
      4.8504303741      0.2692994469      5.0635476678      0.0000000000
      1.1848387676      0.6233757082      1.4133468257      0.0000000000
     -0.2032506382     -0.0883835570     -0.1732214189      0.0000000000
      1.8204514059      1.7755069184      1.2677600196      0.9613381955      1.0119367264  -1042.2224681042      0.0000000000      0.0162264762
     -0.0131378444     -0.0288665613     -0.0052810483     -0.0020682913      0.1310449353      0.1071048698      0.1559141618      0.5484272006
          25
      0.5515821220      0.1463493075      2.7185239349     -0.0171976824     -0.0651895767      2.4509494969      0.0532599451      0.0319987039      0.2710485328      0.3377096139
      0.1974440999      0.1267913890      0.1729862828      0.0000000000
      0.0196616564     -0.0005322999     -0.0263209160      0.0000000000
      1.0700243359      0.9745319078      1.3861878058      0.0000000000
      3.0850847779      0.2433924763      5.2516509009      0.0000000000
      1.0685335887      0.6120214737      1.4943066965      0.0000000000
     -0.1294019044     -0.1808712630     -0.1252400085      0.0000000000
      2.2634567986      1.9335229009      1.0390765729      0.9578741888     -0.0451086310  -1148.4512800164      0.0000000000      0.0182383816
     -0.0458518147     -0.0310500310     -0.0621562673      0.0415301977      0.1035975060      0.1620522817      0.2368578599      0.5622615158
          26
      0.5877635249      0.1251731483      2.6127393677      0.0064692129     -0.0753173288      2.4978626353      0.0143597057      0.0302837913      0.1157988825      0.3658048296
      0.2240167668      0.0964271324      0.1716611070      0.0000000000
     -0.0931439380      0.0015514438     -0.0004258831      0.0000000000
      1.0131717250      0.9486363838      1.2952929605      0.0000000000
      1.9231543506      0.7061280882      5.4473047984      0.0000000000
      1.0630904521      0.7430733337      1.6127985966      0.0000000000
     -0.1368388134     -0.1204432104     -0.1010448528      0.0000000000
      2.1101156492      1.8531451107      1.1294188696      0.9703424461      1.0425556887  -1260.8502795283      0.0000000000      0.0202105818
     -0.0596348420     -0.0190785341     -0.0528979810      0.0087488759      0.1059133585      0.1429120441      0.2539782579      0.4132868101
          27
      0.6054796237      0.1755248549      3.0658303277     -0.0435387691     -0.0529221813      2.4459396001      0.0453955063      0.0535537687      0.0740086508      0.6191538423
      0.2770123335      0.0672701353      0.2316166753      0.0000000000
      0.0205764074      0.0177030238     -0.0345799364      0.0000000000
      1.0548029609      0.9836578410      1.2254984710      0.0000000000
      5.2623758331      1.4486810012      5.3232975854      0.0000000000
      0.9824395283      0.6973806093      1.8984937210      0.0000000000
     -0.2553502497     -0.1234181826     -0.1258918807      0.0000000000
      1.9666649988      1.6612807750      0.9456191898      0.9652350148      0.7503559787  -1379.1555207612      0.0000000000      0.0164820246
     -0.0307965465     -0.0464362996     -0.0227142531      0.0102697910      0.1203079559      0.1615846478      0.2315584132      0.4204926164
          28
      0.6678754949      0.1753059110      3.1754266869     -0.0433636519      0.1425490180      2.3554331682      0.1068508989      0.0392309379      0.0280929804      0.4671780929
      0.2149874297      0.0925493088      0.2490340390      0.0000000000
      0.0276986853      0.0015016237     -0.0232446220      0.0000000000
      1.0430201610      0.8899527247      1.2500019612      0.0000000000
      2.6769132004      1.2097450312      5.5322134387      0.0000000000
      0.8787456516      0.6789615243      1.5500945175      0.0000000000
     -0.1550130787     -0.1831687080     -0.1827202222      0.0000000000
      2.1715708981      2.0360076512      0.1793974228     -0.2188136412     -2.9868354238  -1504.1991949203      0.0000000000      0.0226002273
     -0.0427750886     -0.0588657511     -0.0130329600      0.0108671347      0.1249832931      0.2323275580      0.2255234695      0.4949897959
          29
      0.6604234040      0.2131364159      3.4540501358     -0.1391149027      0.0120385444      2.3459885784      0.0680586694      0.0141844697      0.0899749919      0.0011921389
      0.2044359924      0.1112215799      0.2487608377      0.0000000000
      0.1398916947     -0.0420559524     -0.0300508595      0.0000000000
      1.0896926291      0.8445048303      1.2701135138      0.0000000000
      2.4396226255      0.2643775243      5.2088718205      0.0000000000
      1.0276043167      0.5160610540      1.5438968905      0.0000000000
     -0.1316707447     -0.2421254825     -0.1821823158      0.0000000000
      2.3289949456      2.2272697555      1.3484875279      1.2314959106     -2.4794112641  -1636.1130387011      0.0000000000      0.0331304928
     -0.0404229049     -0.1112459563     -0.0004573073      0.0015402452      0.1472500762      0.2614109298      0.7314852474      0.6804895715
          30
      0.5459429432      0.2706782521      2.7421456154     -0.0432397944     -0.0054862069      2.3783828803      0.0160212280      0.0506907847      0.2314411327     -0.1024158501
      0.2040188110      0.0931517802      0.0000000000      0.0000000000
     -0.0398419647     -0.0538613802      0.0000000000      0.0000000000
      1.1214435107      1.1066395247      0.0000000000      0.0000000000
      5.2418816966      0.0482265779      0.0000000000      0.0000000000
      1.0961535713      0.7926209794      0.0000000000      0.0000000000
     -0.1917752043     -0.0952649735      0.0000000000      0.0000000000
      2.2477880518      2.8858856882      1.1263132089      1.0604528947      1.8563618280  -1778.6010619473      0.0000000000      0.0325213160
     -0.0475679752     -0.0606975763      0.0022636988      0.0000000000      0.1591866380      0.1747282848      0.4860996416      0.0000000000
          31
      0.5481612731      0.4521945921      4.7631224424      0.0209986370     -0.0676083884      2.4796125985      0.2312132563      0.0171115477      0.4261877735      0.0179280356
      0.2250058061      0.1965393811      0.0006390771      0.0000000000
     -0.1494005663     -0.0318748047     -0.0008052861      0.0000000000
      0.9227153402      1.1514399745      0.9149062059      0.0000000000
      5.2185700972      3.2787814249      0.0929142973      0.0000000000
      0.9374288888      0.8172888883      0.7089248898      0.0000000000
     -0.2445227785     -0.2187294382     -0.2648548054      0.0000000000
      2.0727508238      2.4021407076      1.2115913506      1.0266678887     -1.9121665648  -1923.3525695464      0.0000000000      0.0142788467
     -0.1377854980     -0.0500326737     -0.0303815212     -0.0017400884      0.1609868660      0.3574788783      0.1467851517      0.2510710762
          32
      0.5735477197      0.4735915323      5.4701424244     -0.0047103557      0.0213971110      2.3540270078      0.3380891160      0.0412388770      0.2030095202      0.3743281327
      0.3542970059      0.2654984388     -0.0088050347      0.0000000000
     -0.1942290383     -0.0378544054     -0.0262413438      0.0000000000
      0.9547445309      1.2307173534      1.0669967687      0.0000000000
      5.5982669824      2.0812996437      0.0310257518      0.0000000000
      0.8037351459      0.6676549360      0.5695542614      0.0000000000
     -0.3742099197     -0.2349821741     -0.2045011678      0.0000000000
      1.7250772599      1.9616476877      1.0944399412      0.9050025495     -6.7077262043  -2074.5733966552      0.0000000000      0.0230700653
     -0.2201313891     -0.0530340599     -0.0487020380     -0.0046356085      0.1709800081      0.2824602019      0.1997609226      0.3730055315
          33
      0.6125942974      0.5551102367      6.8721551757     -0.0422451582      0.0125431076      2.3521809065      0.0163720957      0.0689186912      0.2830983591      0.2878721510
      0.3486536900      0.2736297906      0.0396556753      0.0000000000
     -0.1695804450     -0.0693772837     -0.0268678240      0.0000000000
      0.9880926264      1.1913630240      1.2869217502      0.0000000000
      5.5668186653      2.3229112815      0.0330892694      0.0000000000
      1.0017830093      0.6978007883      0.7209321792      0.0000000000
     -0.3651824466     -0.2113923628     -0.2748951292      0.0000000000
      1.6945008447      1.8949119153      0.6525847417      0.7946428013      0.9931951306  -2232.7151954279      0.0000000000      0.0144257883
     -0.3012162607     -0.0576382193     -0.0464516882     -0.0049096352      0.2282557049      0.2805203803      0.1839043339      0.2657964776
          34
      0.5673436422      0.5644278539      5.4329420702     -0.0162926627     -0.0155038271      2.4429205938      0.0451207065      0.0534146974      0.2260171946      0.2615673159
      0.4783862827      0.3326336459      0.0296352442      0.0000000000
     -0.0894449283     -0.0386564030      0.0617548121      0.0000000000
      1.0848426985      1.1848241509      1.1443738976      0.0000000000
      4.7353419882      2.1389051982      0.0800000015      0.0000000000
      0.6800554323      0.6561956515      0.7167629792      0.0000000000
     -0.3054410592     -0.2606311362     -0.2626894604      0.0000000000
      1.7115106813      1.8382148966      0.7342915547      0.7223283095     -6.0271548676  -2397.3973658733      0.0000000000      0.0181524560
     -0.3332541758     -0.0916803440     -0.0831211979     -0.0035928311      0.1071166171      0.3427555800      0.4661336003      0.2148416125
          35
      0.6162058703      0.5480480335      5.6445671112     -0.0525525740     -0.0078625060      2.5292836261      0.2281977296      0.0841757449      0.3749118576      0.4912979800
      0.4004276401      0.3282220474      0.0202877954      0.0000000000
      0.0270653130     -0.0533953070     -0.0608378759      0.0000000000
      1.1316785561      1.1990562481      1.2291107795      0.0000000000
      3.3807556947      2.7354144175      0.0728486881      0.0000000000
      0.7560323267      0.7138101458      0.9111479485      0.0000000000
     -0.2361542882     -0.2173365520     -0.1822961750      0.0000000000
      1.6309157362      1.8188088796      1.0000402467      1.4598286602     -0.7871294769  -2569.3007271804      0.0000000000      0.0348633967
     -0.4849055834     -0.0761845081     -0.0092563101     -0.0075657517      0.2467709880      0.2591232794      0.1134192907      0.4860325155
          36
      0.5509220453      0.7678073454      7.3115657717     -0.0436079288      0.0518587965      2.1564064024     -0.4338067597      0.0481400486     -0.1113840429      0.2164840941
      0.4501713721      0.4116104342     -0.0058841348      0.0000000000
     -0.0413754704     -0.0911463367     -0.0236386684      0.0000000000
      1.2410356076      1.2371097621      1.1108815085      0.0000000000
      3.1264602371      2.1946092296      0.0299999993      0.0000000000
      1.1309440112      0.5703441489      0.4865629627      0.0000000000
     -0.3726024156     -0.2642673273     -0.2375736755      0.0000000000
      1.9800814054      1.9508910189      0.7170269371      1.6583017396      0.2743574101  -2747.5160520472      0.0000000000      0.0666466695
     -0.4850627878     -0.1568753369     -0.2021900754      0.0000000000      0.3776927303      0.2950197905      0.5675114595      0.0000000000
          37
      0.4411843459      0.4620380410      6.8271203158      0.0842119771      0.2112681608      3.7024439021      0.0988733781      0.0655055080      0.3147139507     -0.5638516287
      0.0783316368      0.0876880418      0.0000000000      0.0000000000
      0.0395650403      0.1432059428      0.0000000000      0.0000000000
      1.2031020328      1.1360741594      0.0000000000      0.0000000000
      5.6915617179      1.0005586643      0.0000000000      0.0000000000
      1.0431492839      0.9447693159      0.0000000000      0.0000000000
     -0.0571394487     -0.1312954345      0.0000000000      0.0000000000
      2.1210803620      2.8189258212      1.0061883087      1.0039739362      0.7702839572    -23.8520522196      0.0000000000      0.0231489656
      0.0520418265     -0.0010958596     -0.0018276434     -0.0023002523      0.0819583088      0.2068592325      0.1710737961      0.1841826335
          38
      0.5012089606      0.0621901712      4.6395961922      0.1179266901     -0.1179947936      2.9630037681      0.0135619875      0.0309520558      0.0507482856      0.0415487696
      0.1701887427      0.1133129442      0.0081891878      0.0000000000
      0.0513282059     -0.0456904219     -0.0589519101      0.0000000000
      0.9922033421      0.9549118938      0.9727340424      0.0000000000
      4.4650684695      0.0455590981      0.5566253623      0.0000000000
      0.9722866001      0.7909543998      1.0957022277      0.0000000000
     -0.1240762763     -0.1173002700     -0.0809782003      0.0000000000
      1.8356496946      1.9689317481      1.0006927952      1.0066120239      0.9539516924    -30.1871897917      0.0000000000      0.0185264388
      0.0152134726      0.0008316606     -0.0399215087     -0.0020003796      0.1256665731      0.3284228068      0.2003020177      0.1876615549
          39
      0.5990032361      0.4502215510      8.7852590834     -0.0969175266      0.0650686538      2.6922313158      0.0441181856      0.0802593125      0.2329474430      0.0637515017
      0.2834117064      0.1141058883      0.0482837188      0.0000000000
      0.0013255649     -0.1768677646     -0.2306193270      0.0000000000
      1.0944873078      1.0460876194      1.0150518103      0.0000000000
      4.3995297731      0.0715126071      9.3764907623      0.0000000000
      1.0368887326      0.9711896147      1.0163151212      0.0000000000
     -0.1927852237     -0.0444603539     -0.2078246241      0.0000000000
      1.3889675457      1.4174759838      1.0202627708      1.2047698773      0.7854601143    -37.2091565139      0.0000000000      0.0088962149
      0.0491027613      0.1111653844     -0.0722332873     -0.0023923378      0.1628311008      0.2566459949      0.1982614333      0.8595747659
          40
      0.5729969687      0.2272286841      5.6662924761     -0.2082339450      0.0479998778      2.9340665389      0.0059205725      0.0988868068      0.2720657051      0.1392710233
      0.2702759812      0.0709352044      0.0701506343      0.0000000000
      0.0030302716     -0.0120430807     -0.1629479493      0.0000000000
      1.1599363541      0.9900832246      1.4007958943      0.0000000000
      4.5413723695      0.1602548279      7.1020683566      0.0000000000
      1.2069112117      1.1052810111      1.0699004322      0.0000000000
     -0.2038852942     -0.0412996613     -0.1464688560      0.0000000000
      1.4721766586      1.5577354614      1.0988337717      1.0854879326     -4.3336601998    -45.7189729106      0.0000000000      0.0092150847
      0.0135750425     -0.0033043533     -0.0556651103     -0.0018104891      0.1581335025      0.4889617445      0.1628917585      0.5131065090
          41
      0.6365620109      0.2663549393      5.7440006860     -0.2829680112      0.0607230863      2.5836782684      0.0706785100      0.0902796645      0.0863654171      0.2692669295
      0.2126568437      0.0925295456      0.1409194189      0.0000000000
      0.0507023750     -0.2685934897     -0.0929714428      0.0000000000
      1.1147594263      1.0044013678      1.3550799231      0.0000000000
      7.9315108554      0.0930474800      5.4016198081      0.0000000000
      1.3317000644      1.1986121141      1.1265206427      0.0000000000
     -0.2248281821     -0.0949750634     -0.1426759508      0.0000000000
      1.5429433387      1.7366485909      1.5117142349      1.0748650010     -0.7727770186    -55.2888029823      0.0000000000      0.0096116369
     -0.0300279174     -0.0049195358     -0.0208019287      0.0108034037      0.7520431330      0.1283718746      0.1267050352      0.4817291561
          42
      0.6126365351      0.1414427153      4.7099558078     -0.1397238801     -0.0281910735      2.6203857585      0.0225426320      0.1028952017      0.1857155923      0.3334271781
      0.2269702194      0.0744844648      0.1927088880      0.0000000000
     -0.0005689820     -0.0260270893     -0.0759743490      0.0000000000
      1.0772018191      0.9797886676      1.6709662517      0.0000000000
      3.1283632143      0.2499881766      4.6245578354      0.0000000000
      1.2079823114      0.8984669492      1.2142398647      0.0000000000
     -0.1531930458     -0.0930799282     -0.1533737885      0.0000000000
      1.5968738297      1.8256892230      1.8956928208      0.9091064209      1.6307013505    -65.9590314575      0.0000000000      0.0106339786
     -0.0053086031     -0.0194120651     -0.0468316947      0.0100027566      0.1903719173      0.1215086002      0.1456937954      0.5037082940
          43
      0.6406715342      0.2820747471      5.2958509047     -0.2142584868     -0.0415426079      2.3861638620      0.0268926233      0.0713294883      0.0244447851      0.3719233476
      0.2103524880      0.0619392496      0.2559073744      0.0000000000
      0.0126174479     -0.0262335743     -0.0886343222      0.0000000000
      1.2172000617      1.0804572498      1.5751424013      0.0000000000
      2.8282004591      0.2303731116      4.5325270278      0.0000000000
      1.2129579730      0.6750105778      1.2342123335      0.0000000000
     -0.1252753633     -0.1299832777     -0.1797223461      0.0000000000
      1.8888316090      1.8804325200      1.2977033096      0.9751330110      0.1647096929    -77.9588432553      0.0000000000      0.0139769592
     -0.0107485223     -0.0362376349     -0.0184924690      0.0107468880      0.1104936192      0.1095044247      0.1722698174      0.4813180712
          44
      0.6308159027      0.0986536653      3.6973713040     -0.1494108558     -0.0191602116      2.6286270420      0.0467518190      0.0526588801      0.1967350308      0.4091444174
      0.1795619335      0.0974254593      0.2474241217      0.0000000000
     -0.0403436873     -0.0005442904     -0.0372859479      0.0000000000
      1.0593769012      0.9903375687      1.5534664707      0.0000000000
      5.0054243229      0.6519477861      5.0854096010      0.0000000000
      1.1479826304      0.8412676564      1.4916648645      0.0000000000
     -0.1646687348     -0.0987737522     -0.1599412589      0.0000000000
      1.9207079069      2.0453630355      1.3251702873      1.0090653458      1.8490318424    -91.6045001288      0.0000000000      0.0161636415
     -0.0507148687     -0.0045288429     -0.0443426053      0.0316720368      0.0875084279      0.0906828502      0.1820126560      0.6504086635
          45
      0.6076571214      0.3088288000      4.2272804373     -0.1809927237     -0.0328610179      2.3588002620      0.0477137567      0.0812912410      0.1088289897      0.3795595842
      0.1692183497      0.0540619319      0.2648189114      0.0000000000
      0.0067141478     -0.0096897263     -0.0558390396      0.0000000000
      1.0665045558      0.9895498560      1.5615007949      0.0000000000
      6.4215829697      0.6176512485      4.8009449366      0.0000000000
      1.1478660471      0.6816807445      1.5029372966      0.0000000000
     -0.1921487362     -0.0916379411     -0.1512664729      0.0000000000
      1.9124624774      1.7964685976      1.2381385234      1.0227268169      0.9170598613   -106.9048618281      0.0000000000      0.0200323566
     -0.0860496339     -0.0200681820     -0.0179497886      0.0099846469      0.1234505101      0.1077625287      0.1889095405      0.5026666097
          46
      0.6464012700      0.2643472123      4.3859342196     -0.1884368633      0.1425468917      2.6191224260      0.0498547664      0.0533136414      0.0430279116     -0.0541520912
      0.2059797292      0.1463141556      0.2777893336      0.0000000000
     -0.0013525087     -0.0014017130     -0.0313625335      0.0000000000
      1.0581162284      1.0099000210      1.4274738252      0.0000000000
      4.2761130754      0.7441008573      4.3826087185      0.0000000000
      1.0833550461      0.8355270066      1.2820915665      0.0000000000
     -0.1896908228     -0.2163941396     -0.1597638959      0.0000000000
      1.8612107486      1.7541129468      0.9234005991      0.0670816127      0.6179575632   -123.8964695188      0.0000000000      0.0298301912
     -0.0598649548     -0.0270056145     -0.0002711116      0.0162507944      0.0799999982      0.1710275764      0.1481653435      0.6025841392
          47
      0.6141348538      0.3353594339      5.0536053086     -0.1220947398     -0.0136966762      2.2760866034      0.0068528993      0.0787191550      0.1735829562     -0.4032925562
      0.1581135378      0.1077800272      0.2586119440      0.0000000000
      0.0447312210     -0.0812063362     -0.0557420941      0.0000000000
      1.1996578570      0.9849821347      1.4257107124      0.0000000000
      4.9584568946      0.1669753338      4.9713899404      0.0000000000
      1.1687899955      0.5688830043      1.1643644400      0.0000000000
     -0.1561010357     -0.2335148461     -0.0741796210      0.0000000000
      1.8595550881      1.7401471168      1.0194743761      0.8713594339      0.9295119717   -142.7114305550      0.0000000000      0.0050731255
     -0.0618738804     -0.0879454021     -0.0009931017     -0.0276626267      0.1238568107      0.2143615246      0.1836963436      1.9513170997
          48
      0.5153341850      0.3165044214      4.8786741664     -0.0195391368     -0.0231346441      2.8073836935     -0.0967128731      0.0557819735      0.4785424982      0.0034172613
      0.2026403333      0.0868957700      0.0000000000      0.0000000000
     -0.1898578803     -0.0071657553      0.0000000000      0.0000000000
      1.1774684899      1.1076011001      0.0000000000      0.0000000000
      4.2299533796      0.0300000000      0.0000000000      0.0000000000
      1.0337163007      0.7013677410      0.0000000000      0.0000000000
     -0.1413886199     -0.0896612244      0.0000000000      0.0000000000
      2.2359146813      2.9015039930      1.0432514479      1.0421944693     -0.0961373434   -167.0456308387      0.0000000000      0.0318522187
     -0.0500451976     -0.0716292194      0.0036881079      0.0000000000      0.1106897065      0.1636544535      0.5369746783      0.0000000000
          49
      0.5093126445      0.4106653027      5.5718644567     -0.0008367539      0.0955552838      2.5513626143      0.0759574742      0.0277340690      0.0929182172      0.1477815658
      0.1833499631      0.1368210678      0.0151496040      0.0000000000
     -0.3126438157     -0.0193866350      0.0018691781      0.0000000000
      0.9158754318      1.1764347058      0.9504980327      0.0000000000
      4.4718242723      3.1237615796      0.1317056068      0.0000000000
      0.9288881971      0.7001128231      0.6387846885      0.0000000000
     -0.1795624758     -0.1328627337     -0.2700000000      0.0000000000
      2.0332622961      2.3045801169      0.6933429902      1.0474870067      1.6468666858   -188.8992344867      0.0000000000      0.0246773546
     -0.1754567534     -0.0313491048     -0.0235338087      0.0000000000      0.1729196907      0.1964601214      0.1274319551      0.0000000000
          50
      0.5301882376      0.4764800336      6.7767092798     -0.0679193858      0.0701228750      2.7374125077      0.1917077480      0.0682258686      0.2546559418      0.3624516832
      0.2792844974      0.2411653376      0.0394566676      0.0000000000
     -0.1295406973     -0.0872197969     -0.0699875387      0.0000000000
      0.9482811917      1.1872983371      1.0570753109      0.0000000000
      4.7324521439      2.2577829867      0.0569099868      0.0000000000
      0.7905573982      0.6768047125      0.6330638928      0.0000000000
     -0.2799965644     -0.1982156814     -0.3203251548      0.0000000000
      1.5859653564      1.8034172612      0.9586483973      1.0352449821     -1.0235882272   -212.2578637227      0.0000000000      0.0181928046
     -0.2304235784     -0.0312024111     -0.0309418877     -0.0023740534      0.1920902264      0.2370210435      0.1344099387      0.3282224831
          51
      0.5092796159      0.4550768949      6.3691443890     -0.0109895457     -0.0241485493      2.9094656976      0.0000861234      0.0901792123      0.3304331007      0.2827060974
      0.3734375380      0.2493702047      0.0225096712      0.0000000000
     -0.1085407732     -0.0396020269      0.0122204574      0.0000000000
      0.9713144829      1.1884078755      1.1993552790      0.0000000000
      5.7143139603      2.4361247561      0.0257341616      0.0000000000
      0.7766091858      0.6549342970      0.6065335829      0.0000000000
     -0.3708113286     -0.2058529917     -0.1639027595      0.0000000000
      1.4862938693      1.6766097627      0.7477244617      0.6400034173      1.9059208195   -237.2887274578      0.0000000000      0.0004223137
     -0.3200084603     -0.0672642318     -0.0216380122     -0.0135408197      0.2263924152      0.2174887309      0.0927463643      0.2476212439
          52
      0.5213619130      0.5769949355      7.1788430541     -0.0616361374     -0.0009961927      2.7936039600      0.0048367340      0.0791188240      0.3588069653      0.3338021558
      0.3592856758      0.2791831179      0.0520356794      0.0000000000
     -0.0646940853     -0.0729520992     -0.0691770095      0.0000000000
      1.0620826815      1.2067160455      1.3909722073      0.0000000000
      3.2036591199      2.2247966976      0.2431009891      0.0000000000
      0.8255144204      0.6065943347      0.4901937732      0.0000000000
     -0.2540845893     -0.1823092020     -0.2850692140      0.0000000000
      1.5827968787      1.7574364180      0.7827457754      0.9239189525     -0.0166423193   -264.4802849473      0.0000000000      0.0174652735
     -0.4334940144     -0.0527026806     -0.0287279289     -0.0116276578      0.1984363092      0.1810589713      0.1288455197      0.3155649256
          53
      0.5770791732      0.5949882535      7.8048167664     -0.0996236147     -0.0041346810      2.6140191644      0.0427976999      0.1063649296      0.4693659814      0.5252695081
      0.3494783999      0.3190386310      0.0241372810      0.0000000000
      0.1085891814     -0.1222767159     -0.0650706688      0.0000000000
      1.0651181618      1.1867304486      1.1472673676      0.0000000000
      4.8211851101      2.3062726126      0.0115259398      0.0000000000
      0.6779595302      0.6809786711      0.8925646905      0.0000000000
     -0.2818507607     -0.1728273916     -0.2018219607      0.0000000000
      1.5042187438      1.6769416620      0.7010969706      1.1734593919      0.5017150824   -293.5745853005      0.0000000000      0.0225308474
     -0.3841323662     -0.0423412186     -0.0164341371     -0.0683502457      0.1748706982      0.3336470076      0.0966334160      0.3612566782
          54
      0.5536690385      0.7815320468     10.5768959744     -0.0103847134     -0.0108510449      2.5176635579     -0.3787495185      0.0088505680     -0.1472625359      0.3754287506
      0.3749299339      0.3119626418      0.0814717778      0.0000000000
     -0.1274944566     -0.0845379708     -0.0148819593      0.0000000000
      1.0151517474      1.1375654551      1.0063503439      0.0000000000
      3.6204726575      1.9825822690      0.2479364199      0.0000000000
      1.1342161468      0.6472416978      0.7049245547      0.0000000000
     -0.2983520032     -0.1778845777     -0.5106319183      0.0000000000
      1.9774754147      2.0785920319      1.2014741111      0.5587964254      1.5570310198   -324.5547359530      0.0000000000      0.0460706677
     -0.4175989790     -0.0947938626     -0.1655665143      0.0000000000      0.2848851695      0.1672264556      0.3682294876      0.0000000000
          55
      0.4924035809      0.0006807236      6.8369057056      0.0941236777      0.1264626809      3.7063941088      0.7247463782      0.0532368225      0.2402275154      0.0975295315
      0.1079841484      0.0543211772      0.0000000000      0.0000000000
      0.0290434683      0.0078701308      0.0000000000      0.0000000000
      1.2419944112      1.0451765706      0.0000000000      0.0000000000
      9.9502254707      2.6259941251      0.0000000000      0.0000000000
      2.8334462225      3.4391235598      0.0000000000      0.0000000000
     -0.0822573947     -0.0988285160      0.0000000000      0.0000000000
      2.4043039431      2.6193884251      1.1217062256      1.1167802466     -0.0572957740    -19.9130363123      0.0000000000      0.0122415746
      0.0796798687      0.0443676395     -0.0770180844     -0.0010219817      0.0799999982      0.0853615443      0.1333391243      0.3605438852
          56
      0.4974973580      0.5371393923     12.0544347279     -0.0864215660      0.1436252984      3.5768455930      0.2050454094      0.0599518351      0.0210324061      0.3539890866
      0.1044598250      0.0882844525      0.0228031898      0.0000000000
      0.0049423867     -0.4770375764     -0.1528734231      0.0000000000
      0.9854520007      1.0263881953      1.1105883538      0.0000000000
     10.6857183570      0.1968481367      0.0990007921      0.0000000000
      2.0745514523      2.4533723253      2.6828328474      0.0000000000
     -0.0574625865     -0.1097242938     -0.0364933212      0.0000000000
      1.7225435513      1.8550592347      0.9729727117      1.0772614655      0.2314385894    -25.0530872151      0.0000000000     -0.0081659248
     -0.0105143432      0.1116017006     -0.0686232849      0.0000000000      0.2603688617      0.2167412970      0.2310094625      0.0000000000
          57
      0.5418745909      0.3645323782      7.7868076635     -0.2319969811      0.0668193724      2.9583297188      0.1462666684      0.0926428426      0.0029795952     -0.0904255218
      0.1973590695      0.1674499456      0.0013221319      0.0000000000
     -0.1660307369     -0.0360233805     -0.2770312078      0.0000000000
      1.0639000601      0.9978957636      0.9940700123      0.0000000000
     10.2472105108      0.3306338063     19.7376753421      0.0000000000
      2.4342812304      1.4521490142      2.3682026487      0.0000000000
     -0.1629368697     -0.1337844030     -0.1379362970      0.0000000000
      1.2538869442      1.4482866943      0.9507454151      1.0077527848      0.9784767672    -30.6897890470      0.0000000000      0.0111294834
     -0.0126146547      0.1469543078     -0.0541506068     -0.0165117848      1.0565040106      0.1892009258      0.1936997991      0.1232959087
          58
      0.3781941591      0.3594537767      3.3599452700     -0.1297669140      0.2277253757      2.8084038149      0.2616139448      0.0855117160      0.0091063190      0.4534407119
      0.2290490402      0.0943409022      0.0406584908      0.3781413039
     -0.2641132697     -0.0296025737     -0.0503940580     -0.0359177704
      1.1871587277      1.1866168811      0.9285351204      1.0891282774
      6.8486004163      0.4418857719      7.4224968774      9.6645176404
      1.7418375248      1.7792374651      2.3339418925      4.6294474148
     -0.1361977366     -0.0452449006     -0.0853788640     -0.3457707902
      1.5829630154      1.6322661661      2.9135759390      3.8747845589      0.0259944445   -473.6630079534      0.0000000000      0.0104607574
     -0.0198003917     -0.0050487365     -0.0213556513     -0.0034201028      0.5938349521      0.4246039069      0.1510884612      0.8564146197
          70
      0.6129392979      0.2600380920      9.5171024832     -0.1113331085      0.0658506137      2.9091692395      0.0693865919      0.0116909037      0.0195565812      0.2708370366
      0.2263711055      0.0891855094      0.0599636975      0.5096499353
     -0.0304889057     -0.0281887482     -0.0078000688     -0.0212057050
      1.0835227812      1.0143441298      0.9683539797      0.9623001339
      3.0539452478      0.9690748270      3.9777337647      4.5440751198
      0.7527976879      0.6005796186      0.6886440237      4.3300738552
     -0.1423247991     -0.0395654452     -0.1462252985     -0.1605724532
      2.1813976486      2.3519104297      0.2902883811      2.3061687921      0.8322508845  -1148.9972690648      0.0000000000      0.0115389890
     -0.0197046446     -0.0120252104     -0.0277298015     -0.0089979392      0.7957631383      0.7506740119      0.1135912671      0.7156499416
          71
      0.5975832288      0.2505701712      7.8515531486     -0.1110400964      0.0286065791      3.0261438165      0.0834199871      0.0146559808      0.0256704461      0.2396425928
      0.1734665295      0.0500471972      0.0468900811      0.5097415430
     -0.0322157275     -0.0379138620     -0.0059652466     -0.0267690932
      1.0816758660      1.0098645772      0.9822550032      0.9636128160
      3.4232872631      0.3946069496      4.4183839022      4.5499380745
      0.7999894697      0.7883649528      0.6901945567      4.4684531154
     -0.1401944829     -0.0295477522     -0.1482813230     -0.1908535641
      2.3040789933      2.3842942209      0.2268524217      2.3532329567      0.9089035597  -1225.2192859700      0.0000000000      0.0123455168
     -0.0117406158     -0.0081742341     -0.0295889005     -0.0102898210      0.9964490615      1.1746437174      0.1170583858      0.9349523142
          72
      0.5843612658      0.2502138046      6.7165604493     -0.1522294528      0.1327269416      2.9569971432      0.0182526307      0.0630364958      0.0217368155      0.1906419358
      0.2421686335      0.0774810157      0.0902369025      0.0000000000
     -0.0033058467     -0.0882902026     -0.1108666435      0.0000000000
      1.0604915097      0.9242239749      1.2288772707      0.0000000000
      3.2729106106      0.2437721065      3.9462035350      0.0000000000
      0.6566442050      0.6513326616      0.6245010246      0.0000000000
     -0.1822116494     -0.0579943945     -0.1902702438      0.0000000000
      1.5750670061      1.5942147188      1.0935629198      1.1984959651      0.2791481445    -46.5420397443      0.0000000000      0.0093564634
     -0.0107772021      0.0001415245     -0.0657243702      0.0441722403      0.9037034189      0.4159816128      0.1822399595      0.4454294852
          73
      0.6259970406      0.1802485799      7.3590673541     -0.1628496371      0.0950333444      2.7912854040      0.0058633437      0.0641207279      0.0155062544      0.2728555556
      0.2601198900      0.0914646339      0.0939103018      0.0000000000
     -0.0629534644     -0.0900435890     -0.1671257624      0.0000000000
      1.0337840852      0.9091007510      1.3398736653      0.0000000000
      2.5889329830      0.1927349043      3.5835140047      0.0000000000
      0.7220239855      0.7529685315      0.6405781453      0.0000000000
     -0.1980610391     -0.0944069660     -0.1716245467      0.0000000000
      1.5586018472      1.6446471093      1.2439923583      1.0093374916      0.0688758175    -55.1736057099      0.0000000000      0.0102060624
     -0.0108902077     -0.0133948121     -0.0804868863     -0.0039637393      0.6499523250      0.1342861558      0.1853954803      0.2999432688
          74
      0.6089064788      0.0897446590      4.5263320049     -0.0429284501     -0.0605382958      2.7525278711      0.0214981532      0.0570988910      0.0471220450      0.2416920893
      0.2341421546      0.0815284086      0.1733193168      0.0000000000
     -0.0861708091     -0.0097532154      0.0071366656      0.0000000000
      1.1424971662      0.9450777861      1.5000617960      0.0000000000
      1.4591221885      0.1392598205      3.0464501099      0.0000000000
      0.7074374413      0.6844737261      0.6004503624      0.0000000000
     -0.1260244351     -0.0858114393     -0.1837473739      0.0000000000
      1.7700515481      1.8959068552      1.6510892183      1.0338503747      2.2246425322    -64.6922642951      0.0000000000      0.0123871049
     -0.0049831619     -0.0160572287     -0.0726206161     -0.0051420279      0.1406992635      0.1012208541      0.2053861291      0.2819296427
          75
      0.6012947221      0.2216902715      4.5937692361     -0.0677388543     -0.0337531784      2.2844340253      0.0308303291      0.0363756070      0.0416092389      0.3745689765
      0.2362237764      0.0529139095      0.2026043548      0.0000000000
     -0.0495824365     -0.0016793745      0.0005600553      0.0000000000
      1.1272266117      0.9211989514      1.4317619368      0.0000000000
      1.3527628940      0.2350800921      2.6667845364      0.0000000000
      0.6754360014      0.4617264625      0.6078055551      0.0000000000
     -0.1592439296     -0.0509643929     -0.1421863775      0.0000000000
      2.0291917620      2.0673099934      0.6427594089      1.0531069977      0.6810544684    -75.5726632400      0.0000000000      0.0178139743
     -0.0759510890     -0.0228875224     -0.0408036095     -0.0063909919      0.1557009194      0.1150927841      0.1826287917      0.1495927184
          76
      0.6262204598      0.1729679887      5.3583477430     -0.0712888149      0.0338873695      2.8817238727      0.0558785895      0.0602196229      0.0501481946      0.4152138258
      0.2453461123      0.1014102009      0.2298966336      0.0000000000
     -0.0357101830      0.0294242251     -0.0345183372      0.0000000000
      1.1035992152      0.9825476285      1.5650768337      0.0000000000
      2.2128525054      0.3190835778      2.7629958316      0.0000000000
      0.6004047087      0.4907094668      0.7153076701      0.0000000000
     -0.2299963274     -0.0934718311     -0.1802186481      0.0000000000
      1.8073196540      1.9181688319      0.6756623355      0.9876919257      0.9464815624    -87.2761171081      0.0000000000      0.0172371224
     -0.0752982738     -0.0080875185     -0.0540328228     -0.0079435517      0.1111420679      0.1075449560      0.2374567649      0.1611446700
          77
      0.6327065654      0.2258859260      5.0271188237     -0.1499967339      0.0522746417      2.5953195863      0.0468771646      0.0992610290      0.0180533547      0.4476692550
      0.2412847644      0.0896246316      0.2326413819      0.0000000000
      0.0602482298     -0.0049268430     -0.0539898837      0.0000000000
      1.0619847401      0.9860811166      1.6633707914      0.0000000000
      2.1140284259      0.3157558993      2.9357492821      0.0000000000
      0.6298402870      0.4585670000      0.6949103160      0.0000000000
     -0.2091998201     -0.0934305864     -0.1564880364      0.0000000000
      1.6958705102      1.7948017409      0.7008784771      1.1513558718      0.4200719808   -100.5363221041      0.0000000000      0.0239507412
     -0.1311143173     -0.0121484547     -0.0391676227     -0.0060112586      0.1239341565      0.1124996887      0.2544469865      0.1428157091
          78
      0.6283930208      0.3119749065      4.9946765273     -0.1839934895      0.0350226508      2.5122321248     -0.1368731060      0.0552607549      0.0112582140      0.0861751749
      0.2495161330      0.1188450144      0.2244225716      0.0000000000
      0.0612364396     -0.0141042517     -0.0507733970      0.0000000000
      1.0946627748      0.9764567383      1.3091679910      0.0000000000
      1.1680364856      0.2272929255      3.6555996688      0.0000000000
      0.6456938366      0.4463447064      0.7276919513      0.0000000000
     -0.2100176473     -0.1608091764     -0.1732952849      0.0000000000
      1.7664409316      1.7688460589      1.0486794993      1.5607808207      0.4760485677   -115.1935786222      0.0000000000      0.0235311044
     -0.1295518192     -0.0371450632     -0.0078102191     -0.0054786985      0.1484659015      0.1642091624      0.1074447676      0.1729124100
          79
      0.6415937328      0.3904858090      6.1338787832     -0.2182974083     -0.0276207728      2.3672582644     -0.1608533453      0.0805615601     -0.0122928875     -0.4132447519
      0.1984380472      0.1051924563      0.2234987784      0.0000000000
      0.3384698664     -0.1364663565     -0.0953853157      0.0000000000
      1.2161887400      1.0427216251      1.3086151631      0.0000000000
      2.6722184205      0.0555796316      4.7154336833      0.0000000000
      0.7010925626      0.3282253807      0.7017330233      0.0000000000
     -0.2036485579     -0.2086290391     -0.2130733565      0.0000000000
      1.8136460458      1.9150540564      1.1727499342      0.7667639274     -0.0018569786   -130.6867851957      0.0000000000      0.0268500441
     -0.0975735877     -0.0723423170     -0.0017176647     -0.0061376358      0.1306836839      0.1865325179      0.3098860882      0.1250756716
          80
      0.5178259393      0.4718137659      4.5891152871      0.0666883764      0.1804948599      2.7839285716     -0.2109102068      0.0724563042      0.2778241131     -0.0246063021
      0.1869072622      0.0534245378      0.0000000000      0.0000000000
     -0.0415623013      0.0064283529      0.0000000000      0.0000000000
      1.2003511565      1.1561079660      0.0000000000      0.0000000000
      2.0676094068      0.0180000000      0.0000000000      0.0000000000
      0.5559072336      0.4017196965      0.0000000000      0.0000000000
     -0.1097440188     -0.0696411004      0.0000000000      0.0000000000
      2.3963729257      3.2815693509      1.1200932556      1.0354777985     -0.1631818873   -152.7422618326      0.0000000000     -0.0016427066
     -0.1336552251     -0.0848721982      0.2340285884      0.0000000000      0.2577989266      0.1539679593      0.3485803820      0.0000000000
          81
      0.5105004627      0.4479165914      6.2175277863      0.0451849621      0.1753725599      2.6866257477      0.0325384971      0.0312666926      0.2939265736      0.0927974444
      0.1953550768      0.1264975592     -0.0113995302      0.0000000000
     -0.1815135271     -0.0956331793      0.0251103315      0.0000000000
      0.9633781123      1.1588410819      0.9746944608      0.0000000000
      7.2457711160      6.9730777481      0.0972441680      0.0000000000
      2.2115966788      1.6892322897      1.6325160119      0.0000000000
     -0.1425666875     -0.1462844828     -0.1380750027      0.0000000000
      1.8934080643      2.1092963521      0.6160337744      1.2684105993      0.1191069380   -171.2835308227      0.0000000000      0.0239570007
     -0.2272595704     -0.0365716409     -0.0010954965      0.0020234595      0.2131777064      0.1032966003      0.1165507730      0.4067446560
          82
      0.4889031336      0.5156586774      6.8784051450     -0.0583317541      0.0285784941      3.0553373110      0.3794013004      0.0647142029      0.5832922167      0.3528708392
      0.2636998298      0.1832621274      0.0080359340      0.0000000000
     -0.0330505813     -0.1104392047     -0.1794297433      0.0000000000
      1.0150088035      1.1569089471      0.9896218275      0.0000000000
      8.2361011401      5.0600793438      0.4454515933      0.0000000000
      1.7427172225      1.3633047862      1.0196797136      0.0000000000
     -0.2034580230     -0.1312344553     -0.3305418285      0.0000000000
      1.6561008110      1.8677086944      0.8643805607      1.1206276832     -0.7538973468   -190.9378760503      0.0000000000      0.0149561125
     -0.2964663278     -0.0277194504     -0.0308772294      0.0003262921      0.2178662122      0.2102698689      0.1312222642      1.0480253832
          83
      0.4866925014      0.5711465987      7.5320546685     -0.0301044100      0.0077242207      2.8996724298      0.1628823949      0.0793449595      0.6590319056      0.3776484319
      0.3658730970      0.2424978687     -0.0119078569      0.0000000000
      0.0344612656     -0.1289910500     -0.1059517336      0.0000000000
      1.0515703137      1.2434738356      1.1087110326      0.0000000000
      6.9497182707      4.3055030439      0.0980215331      0.0000000000
      1.8263026482      1.2796158570      0.8995637209      0.0000000000
     -0.2177423232     -0.1784948598     -0.2431733749      0.0000000000
      1.5191735974      1.7236933814      1.0261299698      0.7087865370      1.9533229585   -211.8389400056      0.0000000000      0.0082012047
     -0.3275657795     -0.0752978996     -0.0444648015     -0.0030137282      0.2279534748      0.2388306548      0.1628864972      0.2807463458
          84
      0.5248161695      0.6762790023      9.3424711931      0.0065417570     -0.0300951444      2.7224843991      0.1919132435      0.0732242266      0.2745869951      0.3186275934
      0.2962826182      0.2567055376      0.1182518447      0.0000000000
     -0.3484442201      0.0343803837      0.1617196771      0.0000000000
      0.9076953790      1.1726010384      1.3169905183      0.0000000000
      2.3375959222      4.2581881331      0.3726644250      0.0000000000
      1.3075274065      1.2599909731      1.3829776206      0.0000000000
     -0.1196478934     -0.1696738161     -0.4433262422      0.0000000000
      1.5204581194      1.6829359180      0.7639444857      0.9269491712      1.4477228619   -234.7130528601      0.0000000000      0.0253873284
     -0.4487170517     -0.0559980183     -0.0261018237      0.0000000000      0.2713869210      0.1693184588      0.1339078956      0.0000000000
          85
      0.5497272916      0.5168356557      9.6643201146     -0.0380172734      0.0096866145      2.6673230019     -0.1705169584      0.1062900108      0.4955851859      0.5592991331
      0.4221053124      0.2472063126      0.1460907740      0.0000000000
     -0.2759905707     -0.0108829408     -0.3385755009      0.0000000000
      1.0954087800      1.2327131817      1.2423513263      0.0000000000
      2.7355031456      3.8348508191      0.0767294764      0.0000000000
      3.0000000000      1.2921797213      1.8042594901      0.0000000000
     -0.0848151735     -0.1373795600     -0.5314430742      0.0000000000
      1.4792149921      1.6901146640      0.6082225501      1.2331607126      0.1440071744   -259.0012055900      0.0000000000      0.0360132367
     -0.2730050044     -0.0907907144     -0.0305522887      0.0000000000      0.3715769474      0.1802097537      0.2037465736      0.0000000000
          86
      0.5485337545      0.6106844837     10.6714462550      0.0127248189      0.2421186492      2.0550335380      0.0220278701      0.0511285640      0.3543007087      0.3960292095
      0.3640632959      0.2805161058      0.0445558317      0.0000000000
      0.0557018852     -0.2972688413      0.1086189393      0.0000000000
      1.1055364324      1.1031185114      1.1174670014      0.0000000000
      3.4594493454      3.4323851500      0.4525380948      0.0000000000
      2.0938238843      1.2002216374      1.8304908093      0.0000000000
     -0.1111038240     -0.1447892227     -0.3370329869      0.0000000000
      1.7603193952      1.8143207868      0.8760296882      1.1598889555      0.1835836418   -284.5812600901      0.0000000000      0.0791389101
     -0.2696203999     -0.1476966874     -0.0675419513      0.0000000000      0.1180204824      0.4367989316      0.3586199304      0.0000000000
          87
      0.4136163801      0.0735070640      4.5663967774      0.1228574510      0.2134481229      3.8267577334      0.4017725415      0.1534690314      0.0071320406     -0.4371482254
      0.0457860379      0.0687437755      0.0000000000      0.0000000000
      0.0596815825      0.1185798314      0.0000000000      0.0000000000
      1.2364012531      1.6540254458      0.0000000000      0.0000000000
     12.1595078528      2.7341392101      0.0000000000      0.0000000000
      2.6810022638      3.7963199904      0.0000000000      0.0000000000
     -0.0157474258     -0.1014579079      0.0000000000      0.0000000000
      1.6385468229      2.0460647085     -0.0191503312     -4.0903148402    -10.4053156041    -18.9580459151      0.0000000000      0.0152608786
      0.0855464863      0.0027071074      0.0185947373      0.0000000000      0.1200000015      0.1200000015      0.1200000015      0.0000000000
          88
      0.4406744758      0.0981925743      7.8054930833      0.1290482122      0.0798559612      3.6614590433      0.0275377315      0.0968102226     -0.0013248097      0.2586817681
      0.0979950392      0.0834371867      0.0376227832      0.0000000000
      0.0185633497      0.0001648119     -0.0231663730      0.0000000000
      1.0429030522      0.9919120565      1.2693716239      0.0000000000
     12.2089558689      0.0991647507      0.4461766031      0.0000000000
      2.0591267574      2.5550053178      2.6668755830      0.0000000000
     -0.0480076195     -0.0833269498     -0.0336941420      0.0000000000
      1.7267844092      1.7435564883     -1.3342716344      1.8262914004      0.0426771685    -23.6041352049      0.0000000000      0.0137046034
      0.0099254462      0.0231876427     -0.0423819743      0.0000000000      0.1160385717      0.1451761135      0.7399800639      0.0000000000
          89
      0.3974461596      0.1283153532      6.0205725259      0.0482059286      0.0570116195      3.4263846159      0.0238239510      0.0434273848     -0.0014588419      0.3410849651
      0.0775359466      0.0544839534      0.1044916261      0.0262295990
      0.0222057348      0.0078422091     -0.0625026872     -0.0219319818
      1.1639193091      1.0658034268      1.4621395628      0.9523767483
      8.4482975493      0.0424398424      8.5396250919      0.0500000000
      2.4276606532      2.6716388794      3.0453297065      0.8204650271
     -0.0012360243     -0.0106272074     -0.1272815372     -0.0647368089
      2.1407064718      2.2917241108     -0.0088931689      1.3451728650      1.1343340021   -374.8208348267      0.0000000000     -0.0616686511
      0.0001853966      0.0119666320     -0.0075709153     -0.0622982435      0.3093965414      2.4380029323      0.1325313952      0.1454311881
          92
      0.4549792089      0.2425074508      8.6433971330      0.1389283586      0.1339265505      2.7371609758      0.0714274854      0.0038958430      0.0457805450      0.2167398481
      0.3591006595      0.1190134146      0.1424844770      0.2156137281
      0.0348018948      0.0032701668     -0.0237370745     -0.1317000980
      1.0573100521      1.2140539841      1.7059973141      1.1756280268
      0.9873492566      0.5461065597      3.3359803053      6.9428045272
      1.6764103052      1.0300227448      2.1006565052      2.5327993702
     -0.2554978681     -0.0987542330     -0.1318827306     -0.2528659420
      2.1156493037      3.0420061013      0.4517468547      1.0617238459      0.4127023539   -474.8109154171      0.0000000000      0.0105414309
     -0.0517352662     -0.0223940946     -0.0107648270     -0.0508428057      0.6008043699      0.4793010573      0.1867655401      0.1505163401
